AGENT PROFILE REPORT
10/06/26

LOG_ID  SIGN_IN   SIGN_OUT
------  --------  --------
99810501  00:00:00  09:49:32 *
99810501  10:07:25  10:52:27  
99810501  10:52:47  10:58:22  
99810501  11:52:55  11:55:29  
99810501  11:55:37  13:05:53  
99810501  13:44:04  15:35:25  
99810502  09:49:52  10:01:54  
99810502  10:02:09  10:53:14  
99810502  10:55:36  10:57:45  
99810502  10:57:54  10:58:24  
99810502  11:52:14  11:55:03  
99810502  11:55:55  13:05:53  
99810503  11:55:22  11:55:48  

END OF AGENT PROFILE REPORT

CALL GROUP REPORT
10/07/26  00:00-00:15

PILOT    ANSWER  ABAND  ANS    ABAN   DELAY  DELAY   TALK
                        GOS    GOS           TIME    TIME
--------  -----  -----  -----  -----  -----  ------  ------
    5101      0      0      0      0      0       0       0
    5102      0      0      0      0      0       0       0
    5103      0      0      0      0      0       0       0
    5104      0      0      0      0      0       0       0
    5151      0      0      0      0      0       0       0
    5501      0      0      0      0      0       0       0
    5192      0      0      0      0      0       0       0
    5193      0      0      0      0      0       0       0
    5194      0      0      0      0      0       0       0
    6687      0      0      0      0      0       0       0
    6688      0      0      0      0      0       0       0
    6689      0      0      0      0      0       0       0
    6651      0      0      0      0      0       0       0
    6652      0      0      0      0      0       0       0
    6653      0      0      0      0      0       0       0
    6682      0      0      0      0      0       0       0
     382      0      0      0      0      0       0       0

END OF CALL GROUP REPORT

AGENT DETAIL REPORT
10/07/26  00:00-00:15

PILOT     LOG_ID  IN     IN      INTL   INTL    READY   WORK    BUSY    OUT    OUT     LOGIN 
                  CALLS  SEC     CALLS  SEC     SEC     SEC     SEC     CALLS  SEC     SEC   
--------  ------  -----  ------  -----  ------  ------  ------  ------  -----  ------  ------
 0000000    5401      0       0      0       0       0       0       0      0       0       0
 0000000    5402      0       0      0       0       0       0       0      0       0       0
 0000000    5403      0       0      0       0       0       0       0      0       0       0
 0000000    5404      0       0      0       0       0       0       0      0       0       0
 0000000    5405      0       0      0       0       0       0       0      0       0       0
 0000000    5406      0       0      0       0       0       0       0      0       0       0
 0000000    5911      0       0      0       0       0       0       0      0       0       0
 0000000    5921      0       0      0       0       0       0       0      0       0       0
 0000000    5931      0       0      0       0       0       0       0      0       0       0
 0000000    5941      0       0      0       0       0       0       0      0       0       0
 0000000    5951      0       0      0       0       0       0       0      0       0       0
 0000000    5971      0       0      0       0       0       0       0      0       0       0
 0000000    5981      0       0      0       0       0       0       0      0       0       0
 0000000    5430      0       0      0       0       0       0       0      0       0       0
 0000000    5999      0       0      0       0       0       0       0      0       0       0
 0000000    5435      0       0      0       0       0       0       0      0       0       0
 0000000  99810501      0       0      0       0       0       0       0      0       0       0
 0000000  99810502      0       0      0       0       0       0       0      0       0       0
 0000000  99810503      0       0      0       0       0       0       0      0       0       0
 0000000  99810504      0       0      0       0       0       0       0      0       0       0
 0000000  99810545      0       0      0       0       0       0       0      0       0       0
 0000000  99810512      0       0      0       0       0       0       0      0       0       0

END OF AGENT DETAIL REPORT
