CALL GROUP REPORT
09/23/26  09:15-09:30

PILOT    ANSWER  ABAND  ANS    ABAN   DELAY  DELAY   TALK
                        GOS    GOS           TIME    TIME
--------  -----  -----  -----  -----  -----  ------  ------
    5101      0      0      0      0      0       0       0
    5102      0      0      0      0      0       0       0
    5103      0      0      0      0      0       0       0
    5104      0      0      0      0      0       0       0
    5151      0      0      0      0      0       0       0
    5501      0      0      0      0      0       0       0
    5192      0      0      0      0      0       0       0
    5193      0      0      0      0      0       0       0
    5194      0      0      0      0      0       0       0
    6687      3      1      3      0      1       4      64
    6688      0      0      0      0      0       0       0
    6689      0      0      0      0      0       0       0
    6651      0      0      0      0      0       0       0
    6652      0      0      0      0      0       0       0
    6653      0      0      0      0      0       0       0
    6682      0      0      0      0      0       0       0
     382      0      0      0      0      0       0       0

END OF CALL GROUP REPORT

AGENT DETAIL REPORT
09/23/26  09:15-09:30

PILOT     LOG_ID  IN     IN      INTL   INTL    READY   WORK    BUSY    OUT    OUT     LOGIN 
                  CALLS  SEC     CALLS  SEC     SEC     SEC     SEC     CALLS  SEC     SEC   
--------  ------  -----  ------  -----  ------  ------  ------  ------  -----  ------  ------
 0000000    5401      0       0      0       0       0       0       0      0       0       0
 0000000    5402      0       0      0       0       0       0       0      0       0       0
 0000000    5403      0       0      0       0       0       0       0      0       0       0
 0000000    5404      0       0      0       0       0       0       0      0       0       0
 0000000    5405      0       0      0       0       0       0       0      0       0       0
 0000000    5406      0       0      0       0       0       0       0      0       0       0
 0000000    5911      0       0      0       0       0       0       0      0       0       0
 0000000    5921      0       0      0       0       0       0       0      0       0       0
 0000000    5931      0       0      0       0       0       0       0      0       0       0
 0000000    5941      0       0      0       0       0       0       0      0       0       0
 0000000    5951      0       0      0       0       0       0       0      0       0       0
 0000000    5971      0       0      0       0       0       0       0      0       0       0
 0000000    5981      0       0      0       0       0       0       0      0       0       0
 0000000    5430      0       0      0       0       0       0       0      0       0       0
 0000000    5999      0       0      0       0       0       0       0      0       0       0
 0000000    5435      0       0      0       0       0       0       0      0       0       0
 0000000  99810501      0       0      0       0     776       0      16      0       0     885
    6687  99810501      3      64      0       0       0      29       0      0       0       0
 0000000  99810502      0       0      0       0       0       0       0      0       0       0
 0000000  99810503      0       0      0       0       0       0       0      0       0       0
 0000000  99810504      0       0      0       0       0       0       0      0       0       0
 0000000  99810545      0       0      0       0       0       0       0      0       0       0
 0000000  99810512      0       0      0       0       0       0       0      0       0       0

END OF AGENT DETAIL REPORT
